1.149499804687500000e+04
1.159500097656250000e+04
1.169499902343750000e+04
1.179500195312500000e+04
1.189499902343750000e+04
1.199499902343750000e+04
1.209500195312500000e+04
1.219500195312500000e+04
1.229500292968750000e+04
1.239500195312500000e+04
1.249500195312500000e+04
1.259500292968750000e+04
1.269500292968750000e+04
1.279500195312500000e+04
1.289500488281250000e+04
1.289500781250000000e+04
1.299500097656250000e+04
1.299500976562500000e+04
1.309500097656250000e+04
1.309501171875000000e+04
1.310800000000000000e+04
1.319499902343750000e+04
1.319500097656250000e+04
1.320800000000000000e+04
1.329500195312500000e+04
1.329501074218750000e+04
1.330800000000000000e+04
1.339500195312500000e+04
1.339500781250000000e+04
1.340800000000000000e+04
1.349500292968750000e+04
1.349501171875000000e+04
1.350800000000000000e+04
1.359500292968750000e+04
1.359500683593750000e+04
1.360800000000000000e+04
1.369500390625000000e+04
1.369500976562500000e+04
1.370800000000000000e+04
1.379500195312500000e+04
1.379500390625000000e+04
1.380800000000000000e+04
1.389500195312500000e+04
1.389500585937500000e+04
1.390800000000000000e+04
1.399500000000000000e+04
1.399500488281250000e+04
1.400800000000000000e+04
1.409500488281250000e+04
1.409500683593750000e+04
1.410800000000000000e+04
1.419500292968750000e+04
1.419500878906250000e+04
1.420800000000000000e+04
1.429501074218750000e+04
1.429502050781250000e+04
1.429526757812500000e+04
1.430800000000000000e+04
1.439500976562500000e+04
1.439503027343750000e+04
1.439527343750000000e+04
1.440800000000000000e+04
1.449500878906250000e+04
1.449510351562500000e+04
1.449527441406250000e+04
1.450800000000000000e+04
1.450800000000000000e+04
1.459500781250000000e+04
1.459528222656250000e+04
1.459534960937500000e+04
1.460800000000000000e+04
1.460800000000000000e+04
1.469500878906250000e+04
1.469527539062500000e+04
1.469603417968750000e+04
1.470800000000000000e+04
1.470800000000000000e+04
1.479500878906250000e+04
1.479527246093750000e+04
1.479766210937500000e+04
1.480800000000000000e+04
1.480800000000000000e+04
1.489500781250000000e+04
1.489527246093750000e+04
1.490093847656250000e+04
1.490800000000000000e+04
1.490800000000000000e+04
1.499501074218750000e+04
1.499527441406250000e+04
1.500659570312500000e+04
1.500800000000000000e+04
1.500800000000000000e+04
1.509501074218750000e+04
1.509527343750000000e+04
1.510800000000000000e+04
1.510800000000000000e+04
1.511517382812500000e+04
1.519501171875000000e+04
1.519527343750000000e+04
1.520800000000000000e+04
1.520800000000000000e+04
1.522695019531250000e+04
1.529500976562500000e+04
1.529527246093750000e+04
1.530800000000000000e+04
1.530800000000000000e+04
1.534198242187500000e+04
1.539500878906250000e+04
1.539527050781250000e+04
1.540800000000000000e+04
1.540800000000000000e+04
1.546022070312500000e+04
1.549500878906250000e+04
1.549526953125000000e+04
1.550800000000000000e+04
1.550800000000000000e+04
1.558156835937500000e+04
1.559501367187500000e+04
1.559527148437500000e+04
1.560800000000000000e+04
1.560800000000000000e+04
1.569501562500000000e+04
1.569527148437500000e+04
1.569999902343750000e+04
1.570593066406250000e+04
1.570800000000000000e+04
1.570800000000000000e+04
1.579503710937500000e+04
1.579527343750000000e+04
1.579999414062500000e+04
1.580800000000000000e+04
1.580800000000000000e+04
1.583320898437500000e+04
1.589511035156250000e+04
1.589527246093750000e+04
1.589999707031250000e+04
1.590800000000000000e+04
1.590800000000000000e+04
1.590800000000000000e+04
1.596334375000000000e+04
1.599527050781250000e+04
1.599535449218750000e+04
1.599999902343750000e+04
1.600800000000000000e+04
1.600800000000000000e+04
1.600800000000000000e+04
1.609527246093750000e+04
1.609604101562500000e+04
1.609626953125000000e+04
1.609999902343750000e+04
1.610800000000000000e+04
1.610800000000000000e+04
1.610800000000000000e+04
1.619526953125000000e+04
1.619766796875000000e+04
1.619999707031250000e+04
1.620800000000000000e+04
1.620800000000000000e+04
1.620800000000000000e+04
1.623193750000000000e+04
1.629527343750000000e+04
1.629999902343750000e+04
1.630095214843750000e+04
1.630800000000000000e+04
1.630800000000000000e+04
1.630800000000000000e+04
1.637030664062500000e+04
1.639527343750000000e+04
1.639999804687500000e+04
1.640660156250000000e+04
1.640800000000000000e+04
1.640800000000000000e+04
1.640800000000000000e+04
1.649527148437500000e+04
1.650000000000000000e+04
1.650800000000000000e+04
1.650800000000000000e+04
1.650800000000000000e+04
1.651135351562500000e+04
1.651518359375000000e+04
1.659527343750000000e+04
1.659999804687500000e+04
1.660800000000000000e+04
1.660800000000000000e+04
1.660800000000000000e+04
1.662695312500000000e+04
1.665507617187500000e+04
1.669527343750000000e+04
1.669999804687500000e+04
1.670800000000000000e+04
1.670800000000000000e+04
1.670800000000000000e+04
1.674198632812500000e+04
1.679527148437500000e+04
1.679999804687500000e+04
1.680145703125000000e+04
1.680800000000000000e+04
1.680800000000000000e+04
1.680800000000000000e+04
1.686022460937500000e+04
1.689527343750000000e+04
1.689999804687500000e+04
1.690800000000000000e+04
1.690800000000000000e+04
1.690800000000000000e+04
1.695048828125000000e+04
1.698157226562500000e+04
1.699527539062500000e+04
1.699999804687500000e+04
1.700800000000000000e+04
1.700800000000000000e+04
1.700800000000000000e+04
1.709528125000000000e+04
1.709999804687500000e+04
1.710216601562500000e+04
1.710593750000000000e+04
1.710800000000000000e+04
1.710800000000000000e+04
1.710800000000000000e+04
1.714058007812500000e+04
1.719530078125000000e+04
1.719999414062500000e+04
1.720800000000000000e+04
1.720800000000000000e+04
1.720800000000000000e+04
1.723322070312500000e+04
1.724058007812500000e+04
1.725652148437500000e+04
1.729537695312500000e+04
1.729999609375000000e+04
1.730800000000000000e+04
1.730800000000000000e+04
1.730800000000000000e+04
1.730800000000000000e+04
1.734058007812500000e+04
1.736335546875000000e+04
1.739561914062500000e+04
1.739999609375000000e+04
1.740800000000000000e+04
1.740800000000000000e+04
1.740800000000000000e+04
1.740800000000000000e+04
1.741353906250000000e+04
1.744057617187500000e+04
1.749627929687500000e+04
1.749630664062500000e+04
1.749999414062500000e+04
1.750800000000000000e+04
1.750800000000000000e+04
1.750800000000000000e+04
1.750800000000000000e+04
1.754058007812500000e+04
1.757325390625000000e+04
1.759793750000000000e+04
1.759999804687500000e+04
1.760800000000000000e+04
1.760800000000000000e+04
1.760800000000000000e+04
1.760800000000000000e+04
1.763193359375000000e+04
1.764057812500000000e+04
1.769999609375000000e+04
1.770121289062500000e+04
1.770800000000000000e+04
1.770800000000000000e+04
1.770800000000000000e+04
1.770800000000000000e+04
1.773569921875000000e+04
1.774057812500000000e+04
1.777031445312500000e+04
1.779999609375000000e+04
1.780686914062500000e+04
1.780800000000000000e+04
1.780800000000000000e+04
1.780800000000000000e+04
1.780800000000000000e+04
1.784057617187500000e+04
1.790000195312500000e+04
1.790087695312500000e+04
1.790800000000000000e+04
1.790800000000000000e+04
1.790800000000000000e+04
1.790800000000000000e+04
1.791136523437500000e+04
1.791544726562500000e+04
1.794058007812500000e+04
1.799999414062500000e+04
1.800800000000000000e+04
1.800800000000000000e+04
1.800800000000000000e+04
1.800800000000000000e+04
1.802721875000000000e+04
1.804058007812500000e+04
1.805508789062500000e+04
1.806883984375000000e+04
1.809999609375000000e+04
1.810800000000000000e+04
1.810800000000000000e+04
1.810800000000000000e+04
1.810800000000000000e+04
1.814058007812500000e+04
1.814225585937500000e+04
1.819999804687500000e+04
1.820146093750000000e+04
1.820800000000000000e+04
1.820800000000000000e+04
1.820800000000000000e+04
1.820800000000000000e+04
1.823960937500000000e+04
1.824058203125000000e+04
1.826048632812500000e+04
1.830000000000000000e+04
1.830800000000000000e+04
1.830800000000000000e+04
1.830800000000000000e+04
1.830800000000000000e+04
1.834058007812500000e+04
1.835048828125000000e+04
1.838183984375000000e+04
1.839999804687500000e+04
1.840800000000000000e+04
1.840800000000000000e+04
1.840800000000000000e+04
1.840800000000000000e+04
1.841324023437500000e+04
1.844058007812500000e+04
1.850000195312500000e+04
1.850217382812500000e+04
1.850619921875000000e+04
1.850800000000000000e+04
1.850800000000000000e+04
1.850800000000000000e+04
1.850800000000000000e+04
1.854058007812500000e+04
1.858977148437500000e+04
1.860002148437500000e+04
1.860800000000000000e+04
1.860800000000000000e+04
1.860800000000000000e+04
1.860800000000000000e+04
1.863348437500000000e+04
1.864058203125000000e+04
1.865652148437500000e+04
1.870009960937500000e+04
1.870800000000000000e+04
1.870800000000000000e+04
1.870800000000000000e+04
1.870800000000000000e+04
1.870800000000000000e+04
1.871426171875000000e+04
1.874058007812500000e+04
1.876361914062500000e+04
1.876925976562500000e+04
1.880034375000000000e+04
1.880800000000000000e+04
1.880800000000000000e+04
1.880800000000000000e+04
1.880800000000000000e+04
1.880800000000000000e+04
1.881354296875000000e+04
1.881425976562500000e+04
1.884057812500000000e+04
1.889653320312500000e+04
1.890103125000000000e+04
1.890800000000000000e+04
1.890800000000000000e+04
1.890800000000000000e+04
1.890800000000000000e+04
1.890800000000000000e+04
1.891426171875000000e+04
1.894058398437500000e+04
1.895174609375000000e+04
1.897326953125000000e+04
1.900265820312500000e+04
1.900800000000000000e+04
1.900800000000000000e+04
1.900800000000000000e+04
1.900800000000000000e+04
1.900800000000000000e+04
1.901425976562500000e+04
1.903219921875000000e+04
1.904058203125000000e+04
1.910593750000000000e+04
1.910800000000000000e+04
1.910800000000000000e+04
1.910800000000000000e+04
1.910800000000000000e+04
1.910800000000000000e+04
1.911426171875000000e+04
1.913569921875000000e+04
1.913730468750000000e+04
1.914058007812500000e+04
1.917057226562500000e+04
1.920800000000000000e+04
1.920800000000000000e+04
1.920800000000000000e+04
1.920800000000000000e+04
1.920800000000000000e+04
1.921159375000000000e+04
1.921425976562500000e+04
1.924057812500000000e+04
1.930088085937500000e+04
1.930800000000000000e+04
1.930800000000000000e+04
1.930800000000000000e+04
1.930800000000000000e+04
1.930800000000000000e+04
1.931162890625000000e+04
1.931425976562500000e+04
1.932017382812500000e+04
1.932600585937500000e+04
1.934058007812500000e+04
1.940800000000000000e+04
1.940800000000000000e+04
1.940800000000000000e+04
1.940800000000000000e+04
1.940800000000000000e+04
1.941426367187500000e+04
1.943194335937500000e+04
1.944058007812500000e+04
1.945535156250000000e+04
1.946884960937500000e+04
1.950800000000000000e+04
1.950800000000000000e+04
1.950800000000000000e+04
1.950800000000000000e+04
1.950800000000000000e+04
1.951426171875000000e+04
1.951790625000000000e+04
1.954058007812500000e+04
1.954697851562500000e+04
1.960172656250000000e+04
1.960800000000000000e+04
1.960800000000000000e+04
1.960800000000000000e+04
1.960800000000000000e+04
1.960800000000000000e+04
1.961425976562500000e+04
1.963962109375000000e+04
1.964058007812500000e+04
1.966521484375000000e+04
1.970800000000000000e+04
1.970800000000000000e+04
1.970800000000000000e+04
1.970800000000000000e+04
1.970800000000000000e+04
1.971310937500000000e+04
1.971425781250000000e+04
1.974058007812500000e+04
1.975075781250000000e+04
1.978656445312500000e+04
1.980800000000000000e+04
1.980800000000000000e+04
1.980800000000000000e+04
1.980800000000000000e+04
1.980800000000000000e+04
1.981325000000000000e+04
1.981425781250000000e+04
1.984058007812500000e+04
1.990243554687500000e+04
1.990800000000000000e+04
1.990800000000000000e+04
1.990800000000000000e+04
1.990800000000000000e+04
1.990800000000000000e+04
1.991091796875000000e+04
1.991167773437500000e+04
1.991425781250000000e+04
1.994058593750000000e+04
1.998977929687500000e+04
2.000800000000000000e+04
2.000800000000000000e+04
2.000800000000000000e+04
2.000800000000000000e+04
2.000800000000000000e+04
2.001425976562500000e+04
2.003820898437500000e+04
2.004060742187500000e+04
2.005678906250000000e+04
2.010800000000000000e+04
2.010800000000000000e+04
2.010800000000000000e+04
2.010800000000000000e+04
2.010800000000000000e+04
2.010800000000000000e+04
2.011373046875000000e+04
2.011426171875000000e+04
2.014068359375000000e+04
2.016834179687500000e+04
2.016926171875000000e+04
2.020800000000000000e+04
2.020800000000000000e+04
2.020800000000000000e+04
2.020800000000000000e+04
2.020800000000000000e+04
2.020800000000000000e+04
2.021380664062500000e+04
2.021426171875000000e+04
2.024092968750000000e+04
2.030125976562500000e+04
2.030800000000000000e+04
2.030800000000000000e+04
2.030800000000000000e+04
2.030800000000000000e+04
2.030800000000000000e+04
2.030800000000000000e+04
2.031426171875000000e+04
2.031934765625000000e+04
2.034161523437500000e+04
2.035175195312500000e+04
2.037352734375000000e+04
2.040800000000000000e+04
2.040800000000000000e+04
2.040800000000000000e+04
2.040800000000000000e+04
2.040800000000000000e+04
2.040800000000000000e+04
2.041425781250000000e+04
2.043692382812500000e+04
2.044324023437500000e+04
2.050800000000000000e+04
2.050800000000000000e+04
2.050800000000000000e+04
2.050800000000000000e+04
2.050800000000000000e+04
2.050800000000000000e+04
2.051425781250000000e+04
2.052864843750000000e+04
2.053595898437500000e+04
2.053731250000000000e+04
2.054652148437500000e+04
2.055007421875000000e+04
2.057530078125000000e+04
2.060800000000000000e+04
2.060800000000000000e+04
2.060800000000000000e+04
2.060800000000000000e+04
2.060800000000000000e+04
2.060800000000000000e+04
2.061425781250000000e+04
2.065007226562500000e+04
2.065217773437500000e+04
2.070114843750000000e+04
2.070800000000000000e+04
2.070800000000000000e+04
2.070800000000000000e+04
2.070800000000000000e+04
2.070800000000000000e+04
2.070800000000000000e+04
2.071425781250000000e+04
2.071635546875000000e+04
2.072601171875000000e+04
2.074176367187500000e+04
2.075007421875000000e+04
2.076075781250000000e+04
2.080800000000000000e+04
2.080800000000000000e+04
2.080800000000000000e+04
2.080800000000000000e+04
2.080800000000000000e+04
2.080800000000000000e+04
2.081425976562500000e+04
2.085007812500000000e+04
2.086008007812500000e+04
2.086909765625000000e+04
2.087252929687500000e+04
2.090800000000000000e+04
2.090800000000000000e+04
2.090800000000000000e+04
2.090800000000000000e+04
2.090800000000000000e+04
2.090800000000000000e+04
2.091425976562500000e+04
2.091792187500000000e+04
2.095007617187500000e+04
2.095882226562500000e+04
2.098756445312500000e+04
2.100645507812500000e+04
2.100800000000000000e+04
2.100800000000000000e+04
2.100800000000000000e+04
2.100800000000000000e+04
2.100800000000000000e+04
2.100800000000000000e+04
2.101425976562500000e+04
2.103988085937500000e+04
2.105006835937500000e+04
2.110580078125000000e+04
2.110800000000000000e+04
2.110800000000000000e+04
2.110800000000000000e+04
2.110800000000000000e+04
2.110800000000000000e+04
2.110800000000000000e+04
2.111311523437500000e+04
2.111425976562500000e+04
2.115007226562500000e+04
2.115547851562500000e+04
2.117996289062500000e+04
2.120800000000000000e+04
2.120800000000000000e+04
2.120800000000000000e+04
2.120800000000000000e+04
2.120800000000000000e+04
2.120800000000000000e+04
2.121351367187500000e+04
2.121426171875000000e+04
2.122714648437500000e+04
2.125007226562500000e+04
2.130716406250000000e+04
2.130800000000000000e+04
2.130800000000000000e+04
2.130800000000000000e+04
2.130800000000000000e+04
2.130800000000000000e+04
2.130800000000000000e+04
2.131168359375000000e+04
2.131426171875000000e+04
2.135007226562500000e+04
2.135150585937500000e+04
2.139004101562500000e+04
2.140534960937500000e+04
2.140800000000000000e+04
2.140800000000000000e+04
2.140800000000000000e+04
2.140800000000000000e+04
2.140800000000000000e+04
2.140800000000000000e+04
2.141426171875000000e+04
2.145007421875000000e+04
2.146150976562500000e+04
2.147878515625000000e+04
2.150800000000000000e+04
2.150800000000000000e+04
2.150800000000000000e+04
2.150800000000000000e+04
2.150800000000000000e+04
2.150800000000000000e+04
2.150800000000000000e+04
2.151372460937500000e+04
2.151426562500000000e+04
2.155007226562500000e+04
2.156952539062500000e+04
2.160800000000000000e+04
2.160800000000000000e+04
2.160800000000000000e+04
2.160800000000000000e+04
2.160800000000000000e+04
2.160800000000000000e+04
2.160800000000000000e+04
2.160892382812500000e+04
2.161428710937500000e+04
2.161852929687500000e+04
2.163516796875000000e+04
2.165007226562500000e+04
2.170800000000000000e+04
2.170800000000000000e+04
2.170800000000000000e+04
2.170800000000000000e+04
2.170800000000000000e+04
2.170800000000000000e+04
2.170800000000000000e+04
2.171436523437500000e+04
2.171934765625000000e+04
2.174184570312500000e+04
2.175007617187500000e+04
2.175201171875000000e+04
2.177825585937500000e+04
2.180800000000000000e+04
2.180800000000000000e+04
2.180800000000000000e+04
2.180800000000000000e+04
2.180800000000000000e+04
2.180800000000000000e+04
2.180800000000000000e+04
2.181460742187500000e+04
2.185007226562500000e+04
2.186959570312500000e+04
2.187751367187500000e+04
2.190800000000000000e+04
2.190800000000000000e+04
2.190800000000000000e+04
2.190800000000000000e+04
2.190800000000000000e+04
2.190800000000000000e+04
2.190800000000000000e+04
2.191529492187500000e+04
2.192865234375000000e+04
2.193757421875000000e+04
2.194068554687500000e+04
2.195007031250000000e+04
2.200800000000000000e+04
2.200800000000000000e+04
2.200800000000000000e+04
2.200800000000000000e+04
2.200800000000000000e+04
2.200800000000000000e+04
2.200800000000000000e+04
2.201588476562500000e+04
2.201692187500000000e+04
2.205007421875000000e+04
2.210587109375000000e+04
2.210800000000000000e+04
2.210800000000000000e+04
2.210800000000000000e+04
2.210800000000000000e+04
2.210800000000000000e+04
2.210800000000000000e+04
2.210800000000000000e+04
2.210885742187500000e+04
2.212019921875000000e+04
2.212627343750000000e+04
2.214176757812500000e+04
2.215007031250000000e+04
2.215693164062500000e+04
2.220800000000000000e+04
2.220800000000000000e+04
2.220800000000000000e+04
2.220800000000000000e+04
2.220800000000000000e+04
2.220800000000000000e+04
2.220800000000000000e+04
2.222585742187500000e+04
2.225007226562500000e+04
2.227383398437500000e+04
2.230066015625000000e+04
2.230800000000000000e+04
2.230800000000000000e+04
2.230800000000000000e+04
2.230800000000000000e+04
2.230800000000000000e+04
2.230800000000000000e+04
2.230800000000000000e+04
2.231818554687500000e+04
2.233443750000000000e+04
2.235007031250000000e+04
2.235318750000000000e+04
2.235882421875000000e+04
2.240800000000000000e+04
2.240800000000000000e+04
2.240800000000000000e+04
2.240800000000000000e+04
2.240800000000000000e+04
2.240800000000000000e+04
2.240800000000000000e+04
2.244460546875000000e+04
2.244621093750000000e+04
2.244703320312500000e+04
2.245007226562500000e+04
2.250800000000000000e+04
2.250800000000000000e+04
2.250800000000000000e+04
2.250800000000000000e+04
2.250800000000000000e+04
2.250800000000000000e+04
2.250800000000000000e+04
2.251337695312500000e+04
2.255007226562500000e+04
2.256124023437500000e+04
2.257996679687500000e+04
2.259606250000000000e+04
2.260284179687500000e+04
2.260800000000000000e+04
2.260800000000000000e+04
2.260800000000000000e+04
2.260800000000000000e+04
2.260800000000000000e+04
2.260800000000000000e+04
2.260800000000000000e+04
2.261823828125000000e+04
2.265007226562500000e+04
2.267947656250000000e+04
2.270800000000000000e+04
2.270800000000000000e+04
2.270800000000000000e+04
2.270800000000000000e+04
2.270800000000000000e+04
2.270800000000000000e+04
2.270800000000000000e+04
2.271194921875000000e+04
2.274774609375000000e+04
2.275007226562500000e+04
2.275523046875000000e+04
2.279476367187500000e+04
2.280082617187500000e+04
2.280535937500000000e+04
2.280800000000000000e+04
2.280800000000000000e+04
2.280800000000000000e+04
2.280800000000000000e+04
2.280800000000000000e+04
2.280800000000000000e+04
2.280800000000000000e+04
2.285007226562500000e+04
2.285523046875000000e+04
2.285812304687500000e+04
2.290209765625000000e+04
2.290800000000000000e+04
2.290800000000000000e+04
2.290800000000000000e+04
2.290800000000000000e+04
2.290800000000000000e+04
2.290800000000000000e+04
2.290800000000000000e+04
2.290800000000000000e+04
2.291400195312500000e+04
2.292518554687500000e+04
2.295007031250000000e+04
2.295523437500000000e+04
2.297425195312500000e+04
2.300800000000000000e+04
2.300800000000000000e+04
2.300800000000000000e+04
2.300800000000000000e+04
2.300800000000000000e+04
2.300800000000000000e+04
2.300800000000000000e+04
2.300800000000000000e+04
2.303516992187500000e+04
2.305007226562500000e+04
2.305247265625000000e+04
2.305523242187500000e+04
2.305911914062500000e+04
2.310800000000000000e+04
2.310800000000000000e+04
2.310800000000000000e+04
2.310800000000000000e+04
2.310800000000000000e+04
2.310800000000000000e+04
2.310800000000000000e+04
2.311935351562500000e+04
2.311960742187500000e+04
2.315007031250000000e+04
2.315523242187500000e+04
2.315673242187500000e+04
2.318260546875000000e+04
2.320800000000000000e+04
2.320800000000000000e+04
2.320800000000000000e+04
2.320800000000000000e+04
2.320800000000000000e+04
2.320800000000000000e+04
2.320800000000000000e+04
2.321883789062500000e+04
2.325007226562500000e+04
2.325523046875000000e+04
2.326960546875000000e+04
2.330800000000000000e+04
2.330800000000000000e+04
2.330800000000000000e+04
2.330800000000000000e+04
2.330800000000000000e+04
2.330800000000000000e+04
2.330800000000000000e+04
2.331552539062500000e+04
2.332891601562500000e+04
2.334230078125000000e+04
2.335007812500000000e+04
2.335523046875000000e+04
2.338127343750000000e+04
2.338689843750000000e+04
2.340800000000000000e+04
2.340800000000000000e+04
2.340800000000000000e+04
2.340800000000000000e+04
2.340800000000000000e+04
2.340800000000000000e+04
2.340800000000000000e+04
2.345009765625000000e+04
2.345119335937500000e+04
2.345523242187500000e+04
2.350800000000000000e+04
2.350800000000000000e+04
2.350800000000000000e+04
2.350800000000000000e+04
2.350800000000000000e+04
2.350800000000000000e+04
2.350800000000000000e+04
2.350886718750000000e+04
2.353100000000000000e+04
2.354203320312500000e+04
2.354645117187500000e+04
2.355017187500000000e+04
2.355523046875000000e+04
2.358956054687500000e+04
2.360800000000000000e+04
2.360800000000000000e+04
2.360800000000000000e+04
2.360800000000000000e+04
2.360800000000000000e+04
2.360800000000000000e+04
2.360800000000000000e+04
2.365041992187500000e+04
2.365523242187500000e+04
2.366118750000000000e+04
2.370800000000000000e+04
2.370800000000000000e+04
2.370800000000000000e+04
2.370800000000000000e+04
2.370800000000000000e+04
2.370800000000000000e+04
2.370800000000000000e+04
2.371440820312500000e+04
2.372290429687500000e+04
2.373061523437500000e+04
2.375110546875000000e+04
2.375319140625000000e+04
2.375523046875000000e+04
2.375909179687500000e+04
2.380800000000000000e+04
2.380800000000000000e+04
2.380800000000000000e+04
2.380800000000000000e+04
2.380800000000000000e+04
2.380800000000000000e+04
2.380800000000000000e+04
2.385273242187500000e+04
2.385523242187500000e+04
2.387433203125000000e+04
2.388518750000000000e+04
2.390800000000000000e+04
2.390800000000000000e+04
2.390800000000000000e+04
2.390800000000000000e+04
2.390800000000000000e+04
2.390800000000000000e+04
2.390800000000000000e+04
2.391809960937500000e+04
2.394270117187500000e+04
2.395523242187500000e+04
2.395601562500000000e+04
2.398023242187500000e+04
2.400284960937500000e+04
2.400800000000000000e+04
2.400800000000000000e+04
2.400800000000000000e+04
2.400800000000000000e+04
2.400800000000000000e+04
2.400800000000000000e+04
2.400800000000000000e+04
2.402071289062500000e+04
2.405523242187500000e+04
2.405881835937500000e+04
2.406166796875000000e+04
2.410800000000000000e+04
2.410800000000000000e+04
2.410800000000000000e+04
2.410800000000000000e+04
2.410800000000000000e+04
2.410800000000000000e+04
2.410800000000000000e+04
2.411667578125000000e+04
2.415523828125000000e+04
2.416974414062500000e+04
2.417024609375000000e+04
2.420562304687500000e+04
2.420800000000000000e+04
2.420800000000000000e+04
2.420800000000000000e+04
2.420800000000000000e+04
2.420800000000000000e+04
2.420800000000000000e+04
2.420800000000000000e+04
2.423198437500000000e+04
2.423533984375000000e+04
2.425523242187500000e+04
2.425812890625000000e+04
2.428201953125000000e+04
2.430800000000000000e+04
2.430800000000000000e+04
2.430800000000000000e+04
2.430800000000000000e+04
2.430800000000000000e+04
2.430800000000000000e+04
2.430800000000000000e+04
2.430800000000000000e+04
2.431871679687500000e+04
2.432141992187500000e+04
2.435523046875000000e+04
2.439705078125000000e+04
2.440800000000000000e+04
2.440800000000000000e+04
2.440800000000000000e+04
2.440800000000000000e+04
2.440800000000000000e+04
2.440800000000000000e+04
2.440800000000000000e+04
2.440800000000000000e+04
2.441482812500000000e+04
2.443543750000000000e+04
2.445523242187500000e+04
2.447577148437500000e+04
2.450800000000000000e+04
2.450800000000000000e+04
2.450800000000000000e+04
2.450800000000000000e+04
2.450800000000000000e+04
2.450800000000000000e+04
2.450800000000000000e+04
2.451528710937500000e+04
2.451934765625000000e+04
2.452432812500000000e+04
2.452968750000000000e+04
2.455523242187500000e+04
2.459732226562500000e+04
2.460800000000000000e+04
2.460800000000000000e+04
2.460800000000000000e+04
2.460800000000000000e+04
2.460800000000000000e+04
2.460800000000000000e+04
2.460800000000000000e+04
2.463279492187500000e+04
2.463663476562500000e+04
2.465523046875000000e+04
2.466987109375000000e+04
2.470800000000000000e+04
2.470800000000000000e+04
2.470800000000000000e+04
2.470800000000000000e+04
2.470800000000000000e+04
2.470800000000000000e+04
2.470800000000000000e+04
2.473364062500000000e+04
2.475523437500000000e+04
2.476099804687500000e+04
2.478288476562500000e+04
2.478690039062500000e+04
2.479250976562500000e+04
2.480800000000000000e+04
2.480800000000000000e+04
2.480800000000000000e+04
2.480800000000000000e+04
2.480800000000000000e+04
2.480800000000000000e+04
2.480800000000000000e+04
2.483655664062500000e+04
2.485523437500000000e+04
2.488828515625000000e+04
2.490800000000000000e+04
2.490800000000000000e+04
2.490800000000000000e+04
2.490800000000000000e+04
2.490800000000000000e+04
2.490800000000000000e+04
2.490800000000000000e+04
2.490913476562500000e+04
2.494675976562500000e+04
2.495495117187500000e+04
2.495523046875000000e+04
2.497158398437500000e+04
2.500800000000000000e+04
2.500800000000000000e+04
2.500800000000000000e+04
2.500800000000000000e+04
2.500800000000000000e+04
2.500800000000000000e+04
2.500800000000000000e+04
2.501841406250000000e+04
2.505523046875000000e+04
2.506119531250000000e+04
2.510800000000000000e+04
2.510800000000000000e+04
2.510800000000000000e+04
2.510800000000000000e+04
2.510800000000000000e+04
2.510800000000000000e+04
2.510800000000000000e+04
2.512013671875000000e+04
2.515134179687500000e+04
2.515345312500000000e+04
2.515348046875000000e+04
2.515523242187500000e+04
2.516348828125000000e+04
2.516381250000000000e+04
2.520800000000000000e+04
2.520800000000000000e+04
2.520800000000000000e+04
2.520800000000000000e+04
2.520800000000000000e+04
2.520800000000000000e+04
2.520800000000000000e+04
2.525523242187500000e+04
2.528700195312500000e+04
2.528809570312500000e+04
2.530800000000000000e+04
2.530800000000000000e+04
2.530800000000000000e+04
2.530800000000000000e+04
2.530800000000000000e+04
2.530800000000000000e+04
2.530800000000000000e+04
2.534270507812500000e+04
2.535523242187500000e+04
2.535868164062500000e+04
2.538495703125000000e+04
2.540311328125000000e+04
2.540800000000000000e+04
2.540800000000000000e+04
2.540800000000000000e+04
2.540800000000000000e+04
2.540800000000000000e+04
2.540800000000000000e+04
2.540800000000000000e+04
2.542537304687500000e+04
2.545523242187500000e+04
2.545886718750000000e+04
2.546941601562500000e+04
2.548153125000000000e+04
2.550800000000000000e+04
2.550800000000000000e+04
2.550800000000000000e+04
2.550800000000000000e+04
2.550800000000000000e+04
2.550800000000000000e+04
2.550800000000000000e+04
2.555523828125000000e+04
2.555725585937500000e+04
2.556642773437500000e+04
2.556941210937500000e+04
2.560800000000000000e+04
2.560800000000000000e+04
2.560800000000000000e+04
2.560800000000000000e+04
2.560800000000000000e+04
2.560800000000000000e+04
2.560800000000000000e+04
2.561034765625000000e+04
2.563198632812500000e+04
2.563248828125000000e+04
2.565525781250000000e+04
2.565838085937500000e+04
2.566941406250000000e+04
2.570800000000000000e+04
2.570800000000000000e+04
2.570800000000000000e+04
2.570800000000000000e+04
2.570800000000000000e+04
2.570800000000000000e+04
2.570800000000000000e+04
2.570800000000000000e+04
2.571015039062500000e+04
2.575533203125000000e+04
2.575929687500000000e+04
2.576941601562500000e+04
2.580800000000000000e+04
2.580800000000000000e+04
2.580800000000000000e+04
2.580800000000000000e+04
2.580800000000000000e+04
2.580800000000000000e+04
2.580800000000000000e+04
2.580800000000000000e+04
2.580903320312500000e+04
2.582202539062500000e+04
2.584016210937500000e+04
2.585557812500000000e+04
2.585652148437500000e+04
2.586941406250000000e+04
2.590800000000000000e+04
2.590800000000000000e+04
2.590800000000000000e+04
2.590800000000000000e+04
2.590800000000000000e+04
2.590800000000000000e+04
2.590800000000000000e+04
2.591962304687500000e+04
2.592968945312500000e+04
2.595626562500000000e+04
2.596490820312500000e+04
2.596941210937500000e+04
2.598851367187500000e+04
2.600555273437500000e+04
2.600800000000000000e+04
2.600800000000000000e+04
2.600800000000000000e+04
2.600800000000000000e+04
2.600800000000000000e+04
2.600800000000000000e+04
2.600800000000000000e+04
2.605789257812500000e+04
2.606941015625000000e+04
2.607459179687500000e+04
2.610800000000000000e+04
2.610800000000000000e+04
2.610800000000000000e+04
2.610800000000000000e+04
2.610800000000000000e+04
2.610800000000000000e+04
2.610800000000000000e+04
2.615723242187500000e+04
2.616116796875000000e+04
2.616941015625000000e+04
2.617100976562500000e+04
2.617422070312500000e+04
2.617656640625000000e+04
2.618716796875000000e+04
2.620800000000000000e+04
2.620800000000000000e+04
2.620800000000000000e+04
2.620800000000000000e+04
2.620800000000000000e+04
2.620800000000000000e+04
2.620800000000000000e+04
2.623656445312500000e+04
2.626683398437500000e+04
2.626941406250000000e+04
2.630800000000000000e+04
2.630800000000000000e+04
2.630800000000000000e+04
2.630800000000000000e+04
2.630800000000000000e+04
2.630800000000000000e+04
2.630800000000000000e+04
2.631158593750000000e+04
2.631386132812500000e+04
2.635656640625000000e+04
2.636941210937500000e+04
2.637540625000000000e+04
2.638733984375000000e+04
2.640800000000000000e+04
2.640800000000000000e+04
2.640800000000000000e+04
2.640800000000000000e+04
2.640800000000000000e+04
2.640800000000000000e+04
2.640800000000000000e+04
2.646146289062500000e+04
2.646860937500000000e+04
2.646941601562500000e+04
2.648717773437500000e+04
2.650800000000000000e+04
2.650800000000000000e+04
2.650800000000000000e+04
2.650800000000000000e+04
2.650800000000000000e+04
2.650800000000000000e+04
2.650800000000000000e+04
2.654526562500000000e+04
2.654723437500000000e+04
2.655349218750000000e+04
2.655818164062500000e+04
2.656941210937500000e+04
2.660221093750000000e+04
2.660439257812500000e+04
2.660800000000000000e+04
2.660800000000000000e+04
2.660800000000000000e+04
2.660800000000000000e+04
2.660800000000000000e+04
2.660800000000000000e+04
2.660800000000000000e+04
2.662833007812500000e+04
2.666941210937500000e+04
2.670800000000000000e+04
2.670800000000000000e+04
2.670800000000000000e+04
2.670800000000000000e+04
2.670800000000000000e+04
2.670800000000000000e+04
2.670800000000000000e+04
2.672045117187500000e+04
2.673716406250000000e+04
2.674297265625000000e+04
2.676941210937500000e+04
2.679076562500000000e+04
2.680783984375000000e+04
2.680800000000000000e+04
2.680800000000000000e+04
2.680800000000000000e+04
2.680800000000000000e+04
2.680800000000000000e+04
2.680800000000000000e+04
2.680800000000000000e+04
2.682553906250000000e+04
2.684179687500000000e+04
2.686941015625000000e+04
2.688153906250000000e+04
2.690800000000000000e+04
2.690800000000000000e+04
2.690800000000000000e+04
2.690800000000000000e+04
2.690800000000000000e+04
2.690800000000000000e+04
2.690800000000000000e+04
2.693236132812500000e+04
2.693670898437500000e+04
2.695594921875000000e+04
2.696615039062500000e+04
2.696941210937500000e+04
2.700800000000000000e+04
2.700800000000000000e+04
2.700800000000000000e+04
2.700800000000000000e+04
2.700800000000000000e+04
2.700800000000000000e+04
2.700800000000000000e+04
2.703225781250000000e+04
2.705093164062500000e+04
2.706311523437500000e+04
2.706941210937500000e+04
2.709344140625000000e+04
2.710800000000000000e+04
2.710800000000000000e+04
2.710800000000000000e+04
2.710800000000000000e+04
2.710800000000000000e+04
2.710800000000000000e+04
2.710800000000000000e+04
2.712390625000000000e+04
2.713093359375000000e+04
2.716941210937500000e+04
2.720800000000000000e+04
2.720800000000000000e+04
2.720800000000000000e+04
2.720800000000000000e+04
2.720800000000000000e+04
2.720800000000000000e+04
2.720800000000000000e+04
2.722203515625000000e+04
2.722357812500000000e+04
2.726941210937500000e+04
2.728074804687500000e+04
2.729468359375000000e+04
2.730800000000000000e+04
2.730800000000000000e+04
2.730800000000000000e+04
2.730800000000000000e+04
2.730800000000000000e+04
2.730800000000000000e+04
2.732434179687500000e+04
2.732995703125000000e+04
2.733297851562500000e+04
2.734866015625000000e+04
2.735649609375000000e+04
2.736941210937500000e+04
2.740800000000000000e+04
2.740800000000000000e+04
2.740800000000000000e+04
2.740800000000000000e+04
2.740800000000000000e+04
2.740800000000000000e+04
2.746831054687500000e+04
2.746941601562500000e+04
2.749216015625000000e+04
2.750800000000000000e+04
2.750800000000000000e+04
2.750800000000000000e+04
2.750800000000000000e+04
2.750800000000000000e+04
2.750800000000000000e+04
2.751517773437500000e+04
2.753860156250000000e+04
2.756941406250000000e+04
2.757657421875000000e+04
2.759189257812500000e+04
2.760800000000000000e+04
2.760800000000000000e+04
2.760800000000000000e+04
2.760800000000000000e+04
2.760800000000000000e+04
2.760800000000000000e+04
2.763053320312500000e+04
2.763682617187500000e+04
2.764483984375000000e+04
2.766941210937500000e+04
2.770800000000000000e+04
2.770800000000000000e+04
2.770800000000000000e+04
2.770800000000000000e+04
2.770800000000000000e+04
2.770800000000000000e+04
2.774790039062500000e+04
2.775444140625000000e+04
2.776941210937500000e+04
2.777158398437500000e+04
2.778825390625000000e+04
2.780800000000000000e+04
2.780800000000000000e+04
2.780800000000000000e+04
2.780800000000000000e+04
2.780800000000000000e+04
2.780800000000000000e+04
2.782432421875000000e+04
2.786618359375000000e+04
2.786941210937500000e+04
2.790800000000000000e+04
2.790800000000000000e+04
2.790800000000000000e+04
2.790800000000000000e+04
2.790800000000000000e+04
2.790800000000000000e+04
2.791530664062500000e+04
2.794723828125000000e+04
2.795375195312500000e+04
2.796101953125000000e+04
2.796941210937500000e+04
2.799876562500000000e+04
2.800681445312500000e+04
2.800800000000000000e+04
2.800800000000000000e+04
2.800800000000000000e+04
2.800800000000000000e+04
2.800800000000000000e+04
2.800800000000000000e+04
2.806168164062500000e+04
2.806941210937500000e+04
2.810800000000000000e+04
2.810800000000000000e+04
2.810800000000000000e+04
2.810800000000000000e+04
2.810800000000000000e+04
2.810800000000000000e+04
2.814769335937500000e+04
2.816941406250000000e+04
2.817807617187500000e+04
2.819237695312500000e+04
2.820800000000000000e+04
2.820800000000000000e+04
2.820800000000000000e+04
2.820800000000000000e+04
2.820800000000000000e+04
2.820800000000000000e+04
2.821071093750000000e+04
2.824842187500000000e+04
2.826333789062500000e+04
2.826941796875000000e+04
2.828180273437500000e+04
2.830800000000000000e+04
2.830800000000000000e+04
2.830800000000000000e+04
2.830800000000000000e+04
2.830800000000000000e+04
2.830800000000000000e+04
2.833671875000000000e+04
2.836239257812500000e+04
2.836943750000000000e+04
2.838107226562500000e+04
2.839921484375000000e+04
2.840800000000000000e+04
2.840800000000000000e+04
2.840800000000000000e+04
2.840800000000000000e+04
2.840800000000000000e+04
2.840800000000000000e+04
2.843697851562500000e+04
2.846951171875000000e+04
2.850369921875000000e+04
2.850800000000000000e+04
2.850800000000000000e+04
2.850800000000000000e+04
2.850800000000000000e+04
2.850800000000000000e+04
2.850800000000000000e+04
2.851674023437500000e+04
2.856975781250000000e+04
2.857297851562500000e+04
2.860800000000000000e+04
2.860800000000000000e+04
2.860800000000000000e+04
2.860800000000000000e+04
2.860800000000000000e+04
2.860800000000000000e+04
2.862229296875000000e+04
2.862460937500000000e+04
2.867044335937500000e+04
2.867376367187500000e+04
2.870800000000000000e+04
2.870800000000000000e+04
2.870800000000000000e+04
2.870800000000000000e+04
2.870800000000000000e+04
2.873468359375000000e+04
2.874866406250000000e+04
2.876492187500000000e+04
2.876817578125000000e+04
2.877207031250000000e+04
2.878691015625000000e+04
2.880800000000000000e+04
2.880800000000000000e+04
2.880800000000000000e+04
2.880800000000000000e+04
2.880800000000000000e+04
2.883348632812500000e+04
2.885442578125000000e+04
2.887535156250000000e+04
2.890800000000000000e+04
2.890800000000000000e+04
2.890800000000000000e+04
2.890800000000000000e+04
2.890800000000000000e+04
2.896674414062500000e+04
2.897683593750000000e+04
2.898100781250000000e+04
2.899592187500000000e+04
2.900800000000000000e+04
2.900800000000000000e+04
2.900800000000000000e+04
2.900800000000000000e+04
2.900800000000000000e+04
2.903247460937500000e+04
2.904155273437500000e+04
2.905017773437500000e+04
2.908885742187500000e+04
2.908958398437500000e+04
2.910800000000000000e+04
2.910800000000000000e+04
2.910800000000000000e+04
2.910800000000000000e+04
2.910800000000000000e+04
2.915017968750000000e+04
2.916110742187500000e+04
2.916879296875000000e+04
2.918826367187500000e+04
2.920135937500000000e+04
2.920800000000000000e+04
2.920800000000000000e+04
2.920800000000000000e+04
2.920800000000000000e+04
2.920800000000000000e+04
2.925018359375000000e+04
2.930676367187500000e+04
2.930800000000000000e+04
2.930800000000000000e+04
2.930800000000000000e+04
2.930800000000000000e+04
2.930800000000000000e+04
2.931639453125000000e+04
2.932811914062500000e+04
2.932906445312500000e+04
2.934750000000000000e+04
2.935017968750000000e+04
2.935848046875000000e+04
2.937441015625000000e+04
2.938408007812500000e+04
2.940800000000000000e+04
2.940800000000000000e+04
2.940800000000000000e+04
2.940800000000000000e+04
2.940800000000000000e+04
2.943463085937500000e+04
2.945017968750000000e+04
2.949983789062500000e+04
2.950800000000000000e+04
2.950800000000000000e+04
2.950800000000000000e+04
2.950800000000000000e+04
2.950800000000000000e+04
2.955018164062500000e+04
2.955597460937500000e+04
2.957244726562500000e+04
2.958372070312500000e+04
2.958827929687500000e+04
2.960800000000000000e+04
2.960800000000000000e+04
2.960800000000000000e+04
2.960800000000000000e+04
2.960800000000000000e+04
2.965018164062500000e+04
2.966333984375000000e+04
2.967347265625000000e+04
2.968034375000000000e+04
2.968653515625000000e+04
2.970800000000000000e+04
2.970800000000000000e+04
2.970800000000000000e+04
2.970800000000000000e+04
2.970800000000000000e+04
2.973697656250000000e+04
2.975017968750000000e+04
2.979683203125000000e+04
2.980763085937500000e+04
2.980800000000000000e+04
2.980800000000000000e+04
2.980800000000000000e+04
2.980800000000000000e+04
2.980800000000000000e+04
2.982210351562500000e+04
2.985000195312500000e+04
2.985017773437500000e+04
2.987756250000000000e+04
2.990800000000000000e+04
2.990800000000000000e+04
2.990800000000000000e+04
2.990800000000000000e+04
2.990800000000000000e+04
2.993775390625000000e+04
2.995017968750000000e+04
3.000800000000000000e+04
3.000800000000000000e+04
3.000800000000000000e+04
3.000800000000000000e+04
3.000800000000000000e+04
3.001388671875000000e+04
3.002701757812500000e+04
3.002948437500000000e+04
3.005017968750000000e+04
3.007067578125000000e+04
3.007737890625000000e+04
3.010800000000000000e+04
3.010800000000000000e+04
3.010800000000000000e+04
3.010800000000000000e+04
3.012019531250000000e+04
3.014892578125000000e+04
3.015018164062500000e+04
3.017526562500000000e+04
3.018691406250000000e+04
3.020634570312500000e+04
3.020800000000000000e+04
3.020800000000000000e+04
3.020800000000000000e+04
3.020800000000000000e+04
3.021197656250000000e+04
3.023503125000000000e+04
3.025017968750000000e+04
3.030800000000000000e+04
3.030800000000000000e+04
3.030800000000000000e+04
3.030800000000000000e+04
3.033860546875000000e+04
3.034471289062500000e+04
3.035017968750000000e+04
3.038156445312500000e+04
3.039753320312500000e+04
3.040800000000000000e+04
3.040800000000000000e+04
3.040800000000000000e+04
3.040800000000000000e+04
3.045018359375000000e+04
3.046042187500000000e+04
3.048213281250000000e+04
3.048577148437500000e+04
3.050800000000000000e+04
3.050800000000000000e+04
3.050800000000000000e+04
3.050800000000000000e+04
3.055017968750000000e+04
3.058623437500000000e+04
3.058852734375000000e+04
3.060615625000000000e+04
3.060800000000000000e+04
3.060800000000000000e+04
3.060800000000000000e+04
3.060800000000000000e+04
3.062948828125000000e+04
3.065017968750000000e+04
3.069023632812500000e+04
3.070800000000000000e+04
3.070800000000000000e+04
3.070800000000000000e+04
3.070800000000000000e+04
3.075017968750000000e+04
3.075222460937500000e+04
3.077586523437500000e+04
3.077813867187500000e+04
3.078408398437500000e+04
3.079905859375000000e+04
3.080800000000000000e+04
3.080800000000000000e+04
3.080800000000000000e+04
3.080800000000000000e+04
3.085017968750000000e+04
3.088044921875000000e+04
3.090800000000000000e+04
3.090800000000000000e+04
3.090800000000000000e+04
3.090800000000000000e+04
3.092466601562500000e+04
3.092489062500000000e+04
3.095018164062500000e+04
3.097333398437500000e+04
3.100800000000000000e+04
3.100800000000000000e+04
3.100800000000000000e+04
3.100800000000000000e+04
3.105017968750000000e+04
3.106360546875000000e+04
3.107657421875000000e+04
3.110800000000000000e+04
3.110800000000000000e+04
3.110800000000000000e+04
3.110800000000000000e+04
3.112711718750000000e+04
3.114170507812500000e+04
3.115017968750000000e+04
3.116195898437500000e+04
3.116393164062500000e+04
3.117190820312500000e+04
3.120800000000000000e+04
3.120800000000000000e+04
3.120800000000000000e+04
3.120800000000000000e+04
3.123092382812500000e+04
3.125017968750000000e+04
3.130800000000000000e+04
3.130800000000000000e+04
3.130800000000000000e+04
3.130800000000000000e+04
3.135017773437500000e+04
3.137395117187500000e+04
3.138794726562500000e+04
3.140800000000000000e+04
3.140800000000000000e+04
3.140800000000000000e+04
3.140800000000000000e+04
3.140825976562500000e+04
3.145017968750000000e+04
3.145124218750000000e+04
3.146760156250000000e+04
3.150800000000000000e+04
3.150800000000000000e+04
3.150800000000000000e+04
3.152020507812500000e+04
3.154766601562500000e+04
3.155018164062500000e+04
3.155365039062500000e+04
3.157956835937500000e+04
3.158717968750000000e+04
3.160800000000000000e+04
3.160800000000000000e+04
3.160800000000000000e+04
3.165018164062500000e+04
3.165791601562500000e+04
3.170800000000000000e+04
3.170800000000000000e+04
3.170800000000000000e+04
3.171010351562500000e+04
3.174894335937500000e+04
3.175018359375000000e+04
3.178887304687500000e+04
3.180800000000000000e+04
3.180800000000000000e+04
3.180800000000000000e+04
3.182214257812500000e+04
3.185018750000000000e+04
3.187528125000000000e+04
3.190800000000000000e+04
3.190800000000000000e+04
3.190800000000000000e+04
3.191318945312500000e+04
3.195020703125000000e+04
3.199325000000000000e+04
3.200199023437500000e+04
3.200800000000000000e+04
3.200800000000000000e+04
3.200800000000000000e+04
3.204324804687500000e+04
3.205028515625000000e+04
3.205581250000000000e+04
3.210800000000000000e+04
3.210800000000000000e+04
3.210800000000000000e+04
3.215053125000000000e+04
3.217441796875000000e+04
3.218434765625000000e+04
3.219280078125000000e+04
3.220800000000000000e+04
3.220800000000000000e+04
3.220800000000000000e+04
3.221402343750000000e+04
3.221904492187500000e+04
3.225121289062500000e+04
3.230800000000000000e+04
3.230800000000000000e+04
3.230800000000000000e+04
3.235283984375000000e+04
3.237273828125000000e+04
3.238764648437500000e+04
3.240800000000000000e+04
3.240800000000000000e+04
3.240800000000000000e+04
3.244019726562500000e+04
3.244196484375000000e+04
3.245611523437500000e+04
3.246832812500000000e+04
3.250800000000000000e+04
3.250800000000000000e+04
3.250800000000000000e+04
3.256177343750000000e+04
3.256417773437500000e+04
3.258228320312500000e+04
3.260800000000000000e+04
3.260800000000000000e+04
3.260800000000000000e+04
3.266557617187500000e+04
3.267035351562500000e+04
3.270079101562500000e+04
3.270800000000000000e+04
3.270800000000000000e+04
3.270800000000000000e+04
3.271625976562500000e+04
3.274366210937500000e+04
3.278212890625000000e+04
3.280800000000000000e+04
3.280800000000000000e+04
3.280800000000000000e+04
3.289539843750000000e+04
3.289716015625000000e+04
3.290800000000000000e+04
3.290800000000000000e+04
3.292046875000000000e+04
3.292615625000000000e+04
3.299190234375000000e+04
3.299423046875000000e+04
3.299776562500000000e+04
3.300800000000000000e+04
3.300800000000000000e+04
3.301539453125000000e+04
3.304127734375000000e+04
3.310800000000000000e+04
3.310800000000000000e+04
3.311171484375000000e+04
3.312982812500000000e+04
3.313674609375000000e+04
3.320800000000000000e+04
3.320800000000000000e+04
3.326110156250000000e+04
3.328705468750000000e+04
3.330041015625000000e+04
3.330800000000000000e+04
3.330800000000000000e+04
3.336908984375000000e+04
3.338838671875000000e+04
3.339582812500000000e+04
3.340800000000000000e+04
3.340800000000000000e+04
3.343383593750000000e+04
3.349231640625000000e+04
3.350800000000000000e+04
3.350800000000000000e+04
3.351852343750000000e+04
3.358475781250000000e+04
3.358907421875000000e+04
3.360800000000000000e+04
3.360800000000000000e+04
3.361341406250000000e+04
3.365144140625000000e+04
3.368751171875000000e+04
3.370800000000000000e+04
3.370800000000000000e+04
3.376648437500000000e+04
3.378710937500000000e+04
3.380800000000000000e+04
3.380800000000000000e+04
3.386307031250000000e+04
3.388608984375000000e+04
3.389162109375000000e+04
3.390800000000000000e+04
3.390800000000000000e+04
3.390891406250000000e+04
3.392547656250000000e+04
3.400800000000000000e+04
3.400800000000000000e+04
3.406653515625000000e+04
3.408813671875000000e+04
3.410800000000000000e+04
3.410800000000000000e+04
3.411834765625000000e+04
3.415596875000000000e+04
3.420800000000000000e+04
3.420800000000000000e+04
3.420855078125000000e+04
3.421025390625000000e+04
3.429375390625000000e+04
3.430800000000000000e+04
3.432519140625000000e+04
3.435662890625000000e+04
3.437957812500000000e+04
3.440800000000000000e+04
3.443248828125000000e+04
3.450305859375000000e+04
3.450566406250000000e+04
3.450800000000000000e+04
3.453660546875000000e+04
3.456791015625000000e+04
3.460800000000000000e+04
3.464713281250000000e+04
3.465734765625000000e+04
3.470800000000000000e+04
3.471617187500000000e+04
3.480800000000000000e+04
3.481169140625000000e+04
3.487708984375000000e+04
3.490800000000000000e+04
3.492142187500000000e+04
3.493323046875000000e+04
3.496871875000000000e+04
3.500751171875000000e+04
3.500800000000000000e+04
3.502965625000000000e+04
3.510800000000000000e+04
3.512843750000000000e+04
3.515436718750000000e+04
3.520292968750000000e+04
3.520800000000000000e+04
3.523163671875000000e+04
3.529087500000000000e+04
3.530800000000000000e+04
3.537976562500000000e+04
3.540800000000000000e+04
3.545605859375000000e+04
3.548259375000000000e+04
3.549221875000000000e+04
3.550800000000000000e+04
3.560229296875000000e+04
3.560800000000000000e+04
3.560957031250000000e+04
3.562401562500000000e+04
3.576577343750000000e+04
3.578991015625000000e+04
3.579478906250000000e+04
3.584401171875000000e+04
3.596841796875000000e+04
3.599177734375000000e+04
3.600616406250000000e+04
3.608327343750000000e+04
3.609678515625000000e+04
3.614494531250000000e+04
3.632442968750000000e+04
3.632759765625000000e+04
3.640372265625000000e+04
3.641371875000000000e+04
3.650692187500000000e+04
3.657725000000000000e+04
3.660333593750000000e+04
3.669248437500000000e+04
3.674176171875000000e+04
3.683253125000000000e+04
3.684332031250000000e+04
3.688117968750000000e+04
3.707308593750000000e+04
3.708225000000000000e+04
3.709375390625000000e+04
3.726828125000000000e+04
3.731841015625000000e+04
3.733944921875000000e+04
3.736130859375000000e+04
3.743679687500000000e+04
3.746685156250000000e+04
3.763559765625000000e+04
3.766889843750000000e+04
3.780745703125000000e+04
3.784197265625000000e+04
3.787451562500000000e+04
3.791710937500000000e+04
3.808382421875000000e+04
3.819693750000000000e+04
3.820639453125000000e+04
3.829693750000000000e+04
3.843914453125000000e+04
3.850409375000000000e+04
3.851399218750000000e+04
3.860889062500000000e+04
3.873514062500000000e+04
3.881096093750000000e+04
3.896053125000000000e+04
3.904848046875000000e+04
3.912789062500000000e+04
3.917526562500000000e+04
3.919034765625000000e+04
3.942478125000000000e+04
3.945593750000000000e+04
3.952356250000000000e+04
3.966404296875000000e+04
3.979642968750000000e+04
3.990836328125000000e+04
4.004712890625000000e+04
4.015097656250000000e+04
4.015802343750000000e+04
4.041329296875000000e+04
4.052164453125000000e+04
4.064429687500000000e+04
4.067452734375000000e+04
4.091110937500000000e+04
4.094207421875000000e+04
4.121636328125000000e+04
4.132306640625000000e+04
4.138041796875000000e+04
4.149787109375000000e+04
4.176266015625000000e+04
4.178716406250000000e+04
4.208485937500000000e+04
4.223775781250000000e+04
4.239172265625000000e+04
4.270865625000000000e+04
4.276133203125000000e+04
4.303671093750000000e+04
4.335848828125000000e+04
4.337719531250000000e+04
4.373174609375000000e+04
4.409460937500000000e+04
4.410241015625000000e+04
4.449188671875000000e+04
4.490383203125000000e+04
4.534342578125000000e+04
4.581850390625000000e+04
4.634208203125000000e+04
4.693923437500000000e+04
4.767536328125000000e+04
